179917691582688145841164827039626807897 13194674567274333656080326737599525320 75902829284283016676187498470481466404 179917691582688145829867984268916752042
178346569305479560387362322142888766611 93302254763466257235448243179015813991 41991305786615064422980768153924986823 178346569305479560395126645449277125211
336065622894164226487754867473415664203 164754966922349940096306230719464717223 294059298186482841522539198011480939284 336065622894164226471236573132060785142
227928690534111248726897819264634709949 115135765371570579981774642038916468086 48823047592498705399665951121469265356 227928690534111248743692151530941114560
196888895881294282299863611697869863857 195894404389064953453478328255632726336 165913575154751454701432245826639372754 196888895881294282299808694576758588017
173168040836155322433430303192707730621 28845932225889533613660316736687997997 72167766656801172315150846448785571535 173168040836155322409798504820653593112
248767738789869868030580232655821159731 224176308508952841916731000179628714253 103006012307949758420259180168508344028 248767738789869868007415176206877463126
216716173219040956786124051169924666059 167720038401750504026585802247858393734 19580181546809901993480610679795213138 216716173219040956794027209537619501319
244709408438478929085918371931819741709 105720640096996397844330134511651136847 167477236823820794874109899240029761595 244709408438478929093513717225501594336
227155654353737305714374012687630685661 225555448396191987764055409909728790081 141593060066047334768323779295295659419 227155654353737305698769834170300924744
312753141046003352210519719849548153283 237723209108169888534065465738600044045 243600076583638759402123496705354215488 312753141046003352221006246663870178214
230737675853744756789535695088173854463 21462640918416395989287128507850166652 23986017033048375871608466922818766670 230737675853744756790973932591314582928
195854533327163288674932849900729524743 46514637549134016698796614523521970329 138146908768031824139140983537510851935 195854533327163288648198535119892338993
336658290722621196879654957374130901213 138121586544785614016015269182049672220 182311119928513671646726003935824819572 336658290722621196859799571310839880113
197331635453330928789313842102819565219 196794904777034909371409323476937460954 69708530026630137965726316749791794396 197331635453330928813715516296018606723
192150672629756222251875181409352851951 129288796292464111315000854581604544301 95886788123373972647247456286157166731 192150672629756222251384741530395452292
192986363415117854508412701864624926287 146715051307115690021488272226287731244 30611173974775727416049594476480820757 192986363415117854493316686113019061462
333634003302978212279463898158165547933 200378805937510171926952016714596921352 54032849631536054120042261585685230630 333634003302978212248539068257296510790
177387090696315990357276095446812512069 64358678540255845079820846569145646551 118499877282737061678981298363407156813 177387090696315990358664336097237635980
272175525656934505219537568870287716679 108545969186865985878613489167779401953 219310502553373965714248643080727846890 272175525656934505246304397050837164509
206967447584799276425722156777088558711 39381653968931399677203092326067439717 96196238144075794263614371719554877169 206967447584799276436545174593679432344
178636246238140573200901337321298850331 45418228477973374198261322156729764453 27013365258569383770590165008505637859 178636246238140573200287219342919080654
201896520833006722501799271960961559423 1757546300915492358933451150887233490 144075181253700664441132435866325265739 201896520833006722513250847613373589294
195191525771287931637204854272065983981 127958470498240797400726453481018452995 13694566704612400726745439378154058676 195191525771287931625928774388081842213
177426652236221795975544603200213316427 148865838154655274988021588321405776301 149048174240853143337783125012390466021 177426652236221795997417297474180164753
229963765064518005826014597668181423203 194120338705522740209060860990662394025 189056387694124943767356750996515474883 229963765064518005816958246050994753800
198366431058950092349850672846168844529 196206414604034179725101320811916097502 150243568947725056096780153545771359710 198366431058950092376672308317580423576
258862176122602137679540618332293090407 29614141703892043114534989557136022557 50521459070110194367708085037856695588 258862176122602137667308304904543428898
301690722296509888122685508304253805719 179245823010927809177719973761014224116 95740655299220437595645103393311018673 301690722296509888129695256034286738039
198743083546156807645054208960573484629 51288518551422130235995773240616702826 49576748598312275865980298251061371548 198743083546156807627764676815505371952
195012167109876475393563690634501149763 105976140247832566761151824755254668833 122313545132419679081845192953155137196 195012167109876475392443618558991902040
178610186089897664128862530652899418063 166768148695841319090925723010085267500 110050535639891985304978636086252195468 178610186089897664140858739872032711890
298539786066187612430975651226606206411 41014574301632503866032026258087409827 126963989565576146296809689845278776324 298539786066187612464352848127949489259
330524160136397109390005047386997076377 222383182878273495497131926290616590104 308678947635370931988928359091143776536 330524160136397109418039679196604412165
307904491185192258919946503969210365881 208423942303087467176385219783002952317 231984890127357591335433486938010972920 307904491185192258903092603695672045179
276258451025409140870533719416880493649 175482063695718991743216176782591700050 90053115089076761831246317665929563768 276258451025409140870100459839640916510
288029359841816226047004853995963473213 3320963790817357366072464724373990799 62088017943310810898437685813501273548 288029359841816226042056141131198017210
208825548707402906404964850574723784471 162211781191042369884206877382156296933 154667566852584991471248835621126539803 208825548707402906422250472939254208162
236270824619902850685438190519737621787 85202703435759000119411756986674396508 156056286768955527537492262176359746326 236270824619902850700897741702150214443
299458177802232102864937465428408331267 95083191465643374475868630128625825952 281262042724285878662058739502844544912 299458177802232102883537452671667941580
222585611151751791276313860888150022087 45842656211250102555800586125883723392 104003711812716565241678189020253150614 222585611151751791294550100342551264253
225261484633409328109204028024828457053 148480717500046058818191486397636239660 150405582514609677154129101522463994682 225261484633409328085706652771813250572
304923804796311684366284845043903328893 228245114986971196220592979394785692013 178721710897829534079362420394472969161 304923804796311684364350290580914118394
185402445893479092879278540225240550377 20534641443697493706666290784940237051 158998984005546505751815674574172771109 185402445893479092889631724473390012610
219500183745475825242936464145220280603 20644341667988913101584994331621644443 75087960480008978115423492459966066848 219500183745475825253579091314097924800
236705596667824894715947906442423847499 100768012154585979049344684705041617778 148432898804619124805161628667492358393 236705596667824894697514310359826487348
209064654720085096521715292011777049011 101854852049744056523168097549390160281 94258897095338527465377919104763068645 209064654720085096517106020613396682424
324105589038383341590226287826430454077 120379378730899030978653130024477938820 174976782070665895731535125560924900471 324105589038383341583351802652601499166
282065031905705867761755098880308325757 45737977259903926716863388736295024507 150393408216907640506744935738671566076 282065031905705867768156832799567668265
231192940358517421209629878829495272169 47408483647347527233006488465679557460 19402791893673655062366783407190305191 231192940358517421234288611884945743194
179219345099947654484491881158899726357 137545029762153067706844476262544085067 100872020823351853479761641455985956060 179219345099947654479570876606097255853
171237350125614336856381986768512260409 161193666586228875295004398814606006577 141499041225856998016614760844089827811 171237350125614336849680131291121251926
277029605244830759169233899434382700023 2650354215827821788171401536167193784 172861132776092109980445245852445972889 277029605244830759173023370120281452764
263282854291827847949927743842404004403 160852155852579077270995726156890757300 91248309302396750911651537009380869485 263282854291827847953457004734950289796
204369309027283348122207532050436214663 185297281771068255424386943670131890331 114695995830868058420120200177724039575 204369309027283348129632411418401476360
264524145822382530170364719543734036381 8907047531089186118714282702942262101 146083469862032169311113196299538370463 264524145822382530160883530541285099017
337706947711833349243121369734876690549 244885355789624721463305159981835067825 194144485365794683169776411099606130425 337706947711833349244572893995483849784
198456322913159717997816861690113566883 46672339514680238548499082444229922526 145386727774719776876543743240121959804 198456322913159717982204503204906256333
196338428724152954614701562664419962419 26949270551316788744961026191279814140 15581365870330058355480186936569826583 196338428724152954601981296894076879674
321749270750431408740996496195341302363 84969424254213462522702435797648813033 183702269805973288490213436772308862462 321749270750431408762870293399353900691
258211464987569780207493895988831924021 163058923267258571119882335071811000484 98377057369100776533450038243983274611 258211464987569780220370764152811764986
331159413512271690281715115552568730977 103023147708129397485453860033507961115 43526439546798511956701569277841218830 331159413512271690315091281866414054896
276098602348873934455650727298607708703 178348930880895687415577271119608245350 170926830386922615378189279694499744373 276098602348873934466492004856618853904
242983978181600881691140369107836911307 25158616461122125817250073103379996587 147356592664415593294445096353671152017 242983978181600881681044426619491496081
251211207742817451807035178069127638103 99749019781737676288801661468888415684 148104780857376600929900875076634979571 251211207742817451791255170319236675929
246525145207242725546870823182966052941 107567460811594748324251458897124371409 211147249167219120863636458285408350693 246525145207242725551577393653539115821
223036386034821949906604520287534192411 129321765385774257272487972997830602490 73804645704719546099157106330411558930 223036386034821949910149246236360383163
243776030659813169365118847612952894897 232304976484129019240694097516859514056 77397806219692890307316959859258017532 243776030659813169369037708942060333095
224515606263673206029297773641433785523 144002541511684644924703713850779366841 88606365368751940458487701980892112583 224515606263673206038798525825100242196
235560000290041237471301481654955362791 78299099044097748183801513906785812670 224414953808650823712059014872187530997 235560000290041237450959463549265136134
331531789759819193430181763405066382949 178598407679930237496460914065935643025 71889005110023478458481545558104815355 331531789759819193399566549401794782138
315743378163896247725506012403651693549 126371126577045259112113995080542696186 198446829576487496779142562679570057192 315743378163896247707175760804567563132
217123790644841147481177835342331900621 154040846224201250971283501736297412026 80352923002043001027065022203772614532 217123790644841147492753340333445237578
320912350643020103635155973787001970393 149915283100979330792152626462282406630 63055703339944307103771018828252903420 320912350643020103614168829564072044597
331070785844385311729440909361261972399 230280440755935205751519162976962867 228350868972261947913142854352674603305 331070785844385311700922269180098243802
237187073724267193666723280414622727607 126693066118142396355171304965612730870 125438965318532797226923505561985854417 237187073724267193693758436350754401738
197333886692673630250501844970448906757 48645648740561722815734373306218478698 148167648108131365410979565055239484403 197333886692673630258567349527568612726
293626199228135342754516004430181831827 91070778857714719075585537784362156555 168623311118219977566917757749134529655 293626199228135342743625774617695532380
255999176900492805752863935787816744969 189966127491905744042783066542714455513 99417480761032967062647494640046838222 255999176900492805744965136978309834459
303779426712757071516804021443886853661 215009613240439909960954685253736415271 296163657755487778911545243269344804666 303779426712757071527950601445450443465
239311888165409046502202605022645387399 12702869220250553990945207839575668091 43910173554938780481549620185338066882 239311888165409046499630312256872057508
264074208339329698052562204980724938453 126891204090436571833206396202769604075 171346531535506485801989100534913638226 264074208339329698070057159912840750160
300605204028316997181211801188498630301 214414292780533125685290421602344239963 116556200261220807069242990413559428988 300605204028316997189752617290065038200
332821247599208316963326711665176158701 69915278286397331099594028432943586166 218638429956182577932384073311125660125 332821247599208316959455213172378060837
313979824779419699176840536749093936923 45947326674752126088454480782541134896 196759314894775364739395264348227877452 313979824779419699191368703315440497958
294204333571994552775203449040059305103 70863877165109074645749179129985548229 251960509197052967030529541242788509012 294204333571994552788481825395753828905
328066837732049000831681227097074296269 10899138092885080572460432059646110313 150693645582168107937354780666753979106 328066837732049000845231478284472028572
232001765782102913685109425407551024157 216658023771846986452619018829531660962 77805650907600450403667725078241592101 232001765782102913709545300970052335748
227797146407246521448546185239678673237 32169107008274145853798520037852985188 173883300403542663471376723522863847089 227797146407246521455247468927233227995
284493973279924869533356768936608425497 127312584337244581314533055054784410311 33378771252073864550250718040881624106 284493973279924869524170306897620930216
197571359091397027169020173248780938673 132169902224438264393873160200595266472 2066941499798665737215432617213712934 197571359091397027172240218306518339135
322107026205550232473129799891922137981 232711831091080716061370771253265728684 167589358044273931306963620972823625373 322107026205550232447055068784295741173
337622888583304243132666024006153812271 125865529302864346346414133792953529982 297539729256127161261306548277175848389 337622888583304243124245288749427118706
183527093094044138705952828117033045641 98445077918159473423738184522712673696 168423746934353505358706478420426686009 183527093094044138692309389826737330094
278722722531408908226689565720845379691 84406808246127030287798221051429252540 165818569722331767075169138623394686741 278722722531408908210325318121128312075
187004272191927487352220897300632439151 38244726865722361571275954411693417915 94952440231422165379654911581094929830 187004272191927487371689649806539087371
306456512695168139945756158964137822933 207918556334010017097713228293232657990 298718190108094541424499294105566910188 306456512695168139924508468795955554835
298560530938676592919142204336296887113 104187465982272255953722886713438799293 135373857598256786866244480403027829836 298560530938676592912264187896369282257
286241042326400622323452969778627367121 121256349363289800002765941706396340358 188545942824526609648755656632710554716 286241042326400622349893747332684180752
204234946196914600391076959909108760281 29859666576810175370260351188999812168 27080122170551747976212627886270245660 204234946196914600387017670769706959652
